X lugares foram visitados por Y pessoas
2246      1
33121      2
562      3
14361      4
291      5
7483      6
196      7
4334      8
133      9
2253      10
102      11
1488      12
51      13
871      14
44      15
511      16
28      17
349      18
25      19
223      20
15      21
136      22
14      23
116      24
11      25
81      26
20      27
56      28
11      29
45      30
7      31
36      32
10      33
38      34
9      35
25      36
2      37
15      38
4      39
26      40
2      41
9      42
12      44
4      45
16      46
8      47
11      48
6      49
9      50
8      51
7      52
2      53
9      54
6      55
6      56
1      57
3      58
1      59
4      60
1      61
6      62
5      63
2      64
2      65
2      66
1      67
5      68
1      69
5      70
2      71
2      72
3      73
3      74
2      75
5      76
3      77
5      78
3      79
2      80
1      81
4      82
1      83
2      84
3      85
5      86
2      87
3      88
3      89
2      90
3      91
2      92
2      94
2      95
1      96
2      98
3      100
1      101
1      102
1      104
1      107
1      108
1      109
2      110
2      111
1      112
1      114
2      115
2      116
1      117
3      119
1      124
2      127
3      128
1      129
1      130
1      132
1      133
1      134
1      136
1      138
1      139
1      141
1      142
1      144
1      145
1      146
1      147
1      148
1      152
1      153
2      154
1      167
1      168
1      171
1      172
1      173
1      174
1      176
1      177
2      178
1      181
1      187
2      194
1      196
1      198
1      201
1      202
1      203
1      218
1      226
1      228
1      231
1      238
1      241
1      243
1      254
1      255
1      257
1      265
1      271
1      282
1      283
1      284
1      286
1      294
1      298
1      302
1      321
1      334
1      381
1      383
1      408
1      436
1      437
1      447
1      448
1      541
1      583
1      625
1      722
